$ANSIBLE_VAULT;1.1;AES256
36316163393536626461376164626266343438623663356234373230363166626463633662363965
3663333063303766393434663965363066623263373734330a656464346638626337373032313562
66363261613536633431666237633966613263333636643832653065303562643932336664363234
3731356636326530320a636235363437333136623433343566653538323232626238636632386437
36356634363131396235643464336330303931323736323335653863366665353666626164366334
66376138323131383334313137346638363239343962623164373637373236633439653565386464
65356239346335656531623630373734643664383437353662643536616239313136343730333531
36663638643863626636353432636134396534656461316163346438326262356335613330376361
65663264666133613330363131653862626532653561303064643162386133373862636231663563
63636336383065663235336563356536373837356664373961336261663766613964623339303132
65376632376461643638353631623761656264396464616437363035663034623738363636613661
39323462323131653339313465373337663736356631333134316565353838383136383432653731
65353363633232343166666361356237393539646238626632656634343766626132653030663365
32346136396630323037353739626561333635373061363365386666646565376239383736663461
35373738653133663731653934613537383166363764396537633564323766656265373361396635
34616565656230663137303836373332396361626666663433643838373230323030663565356365
66323933346663383135333032613332613066656531666230396564333233656361303631626265
35383466666634333566346365653462353664613466633263396639656532623464663761316262
30663231353364363164393562363761303461616662656530356339663863646631643861363438
37623661383161326166