$ANSIBLE_VAULT;1.1;AES256
38376436343035623363646338363634376634643630663265643430613637653434366133306131
6139316465333565653462383765336337653433613530660a623064613734373939633434613462
33326534303963343836356566386561646232626132333366303766626664313937656164306261
3830383933343439350a643432666130643632323466363464653430616563313564363262343865
34356135373532323530323265646237613063316662613433356132393432643432346561663531
66646166333237353561353235306636393437613733303931306132623832353166666262333538
35636239623666623237313731353566656265323062383332373365653964623033396332356364
32633836326266646131613264653739393339333834346237633063383631346232663462653732
61333134626534303935383834613764383731313133396465383930653261623663333865333963
30666134393639623836313265366662363936656366373236343331666438396564313461623137
33646231303164323333373566303266663961323864343665636332376561376462376534373630
63343363643863643038383965653934613161313438356337646561636131646239343164346235
35626635363863666163666337646462613731306262346539366331633030313365666263363135
66303130373962346231363062303133633365666263333064333434663337306530343938643036
63363161343566326363323732363132666231613430313430373239663136653166626132633130
36643731353062346633366535303665636165626632653763333631316537653236653063383337
61353935323933346131323937306533343430323863633565626632636233643434653935323062
62613231636336613065396265323264313832306164336436663437323433306666376538353034
323465326364396263323461666234633261